theta3	m11	m22	m33
-1.5708	12.5	2.01	12.5
-1.55818	12.498	2.01	12.5
-1.54556	12.492	2.01	12.5
-1.53295	12.4821	2.01	12.5
-1.52033	12.4682	2.01	12.5
-1.50771	12.4503	2.01	12.5
-1.4951	12.4285	2.01	12.5
-1.48248	12.4028	2.01	12.5
-1.46986	12.3731	2.01	12.5
-1.45724	12.3395	2.01	12.5
-1.44463	12.3021	2.01	12.5
-1.43201	12.2608	2.01	12.5
-1.41939	12.2157	2.01	12.5
-1.40678	12.1667	2.01	12.5
-1.39416	12.114	2.01	12.5
-1.38154	12.0576	2.01	12.5
-1.36893	11.9975	2.01	12.5
-1.35631	11.9337	2.01	12.5
-1.34369	11.8663	2.01	12.5
-1.33108	11.7953	2.01	12.5
-1.31846	11.7208	2.01	12.5
-1.30584	11.6428	2.01	12.5
-1.29323	11.5614	2.01	12.5
-1.28061	11.4766	2.01	12.5
-1.26799	11.3885	2.01	12.5
-1.25538	11.2971	2.01	12.5
-1.24276	11.2025	2.01	12.5
-1.23014	11.1047	2.01	12.5
-1.21752	11.0038	2.01	12.5
-1.20491	10.8999	2.01	12.5
-1.19229	10.7931	2.01	12.5
-1.17967	10.6833	2.01	12.5
-1.16706	10.5708	2.01	12.5
-1.15444	10.4555	2.01	12.5
-1.14182	10.3375	2.01	12.5
-1.12921	10.2169	2.01	12.5
-1.11659	10.0937	2.01	12.5
-1.10397	9.96817	2.01	12.5
-1.09136	9.84023	2.01	12.5
-1.07874	9.71001	2.01	12.5
-1.06612	9.57759	2.01	12.5
-1.05351	9.44304	2.01	12.5
-1.04089	9.30646	2.01	12.5
-1.02827	9.16794	2.01	12.5
-1.01566	9.02756	2.01	12.5
-1.00304	8.88541	2.01	12.5
-0.990422	8.74158	2.01	12.5
-0.977805	8.59616	2.01	12.5
-0.965188	8.44926	2.01	12.5
-0.952571	8.30095	2.01	12.5
-0.939954	8.15133	2.01	12.5
-0.927338	8.00051	2.01	12.5
-0.914721	7.84857	2.01	12.5
-0.902104	7.69561	2.01	12.5
-0.889487	7.54173	2.01	12.5
-0.87687	7.38703	2.01	12.5
-0.864253	7.23161	2.01	12.5
-0.851637	7.07556	2.01	12.5
-0.83902	6.91899	2.01	12.5
-0.826403	6.76198	2.01	12.5
-0.813786	6.60466	2.01	12.5
-0.801169	6.44711	2.01	12.5
-0.788552	6.28943	2.01	12.5
-0.775936	6.13172	2.01	12.5
-0.763319	5.9741	2.01	12.5
-0.750702	5.81664	2.01	12.5
-0.738085	5.65947	2.01	12.5
-0.725468	5.50267	2.01	12.5
-0.712851	5.34634	2.01	12.5
-0.700235	5.19059	2.01	12.5
-0.687618	5.03552	2.01	12.5
-0.675001	4.88122	2.01	12.5
-0.662384	4.72779	2.01	12.5
-0.649767	4.57533	2.01	12.5
-0.63715	4.42393	2.01	12.5
-0.624533	4.2737	2.01	12.5
-0.611917	4.12473	2.01	12.5
-0.5993	3.97711	2.01	12.5
-0.586683	3.83094	2.01	12.5
-0.574066	3.6863	2.01	12.5
-0.561449	3.5433	2.01	12.5
-0.548832	3.40203	2.01	12.5
-0.536216	3.26256	2.01	12.5
-0.523599	3.125	2.01	12.5
-0.510982	2.98943	2.01	12.5
-0.498365	2.85593	2.01	12.5
-0.485748	2.7246	2.01	12.5
-0.473131	2.59551	2.01	12.5
-0.460515	2.46874	2.01	12.5
-0.447898	2.34439	2.01	12.5
-0.435281	2.22252	2.01	12.5
-0.422664	2.10321	2.01	12.5
-0.410047	1.98655	2.01	12.5
-0.39743	1.8726	2.01	12.5
-0.384814	1.76144	2.01	12.5
-0.372197	1.65313	2.01	12.5
-0.35958	1.54775	2.01	12.5
-0.346963	1.44537	2.01	12.5
-0.334346	1.34604	2.01	12.5
-0.321729	1.24984	2.01	12.5
-0.309113	1.15682	2.01	12.5
-0.296496	1.06705	2.01	12.5
-0.283879	0.98057	2.01	12.5
-0.271262	0.897449	2.01	12.5
-0.258645	0.817736	2.01	12.5
-0.246028	0.741481	2.01	12.5
-0.233412	0.668734	2.01	12.5
-0.220795	0.599541	2.01	12.5
-0.208178	0.533945	2.01	12.5
-0.195561	0.471988	2.01	12.5
-0.182944	0.413711	2.01	12.5
-0.170327	0.359149	2.01	12.5
-0.15771	0.308339	2.01	12.5
-0.145094	0.261311	2.01	12.5
-0.132477	0.218096	2.01	12.5
-0.11986	0.178722	2.01	12.5
-0.107243	0.143214	2.01	12.5
-0.0946263	0.111593	2.01	12.5
-0.0820094	0.0838814	2.01	12.5
-0.0693926	0.0600954	2.01	12.5
-0.0567758	0.0402506	2.01	12.5
-0.0441589	0.0243596	2.01	12.5
-0.0315421	0.0124325	2.01	12.5
-0.0189253	0.00447683	2.01	12.5
-0.00630842	0.000497745	2.01	12.5
0.00630842	0.000497745	2.01	12.5
0.0189253	0.00447683	2.01	12.5
0.0315421	0.0124325	2.01	12.5
0.0441589	0.0243596	2.01	12.5
0.0567758	0.0402506	2.01	12.5
0.0693926	0.0600954	2.01	12.5
0.0820094	0.0838814	2.01	12.5
0.0946263	0.111593	2.01	12.5
0.107243	0.143214	2.01	12.5
0.11986	0.178722	2.01	12.5
0.132477	0.218096	2.01	12.5
0.145094	0.261311	2.01	12.5
0.15771	0.308339	2.01	12.5
0.170327	0.359149	2.01	12.5
0.182944	0.413711	2.01	12.5
0.195561	0.471988	2.01	12.5
0.208178	0.533945	2.01	12.5
0.220795	0.599541	2.01	12.5
0.233412	0.668734	2.01	12.5
0.246028	0.741481	2.01	12.5
0.258645	0.817736	2.01	12.5
0.271262	0.897449	2.01	12.5
0.283879	0.98057	2.01	12.5
0.296496	1.06705	2.01	12.5
0.309113	1.15682	2.01	12.5
0.321729	1.24984	2.01	12.5
0.334346	1.34604	2.01	12.5
0.346963	1.44537	2.01	12.5
0.35958	1.54775	2.01	12.5
0.372197	1.65313	2.01	12.5
0.384814	1.76144	2.01	12.5
0.39743	1.8726	2.01	12.5
0.410047	1.98655	2.01	12.5
0.422664	2.10321	2.01	12.5
0.435281	2.22252	2.01	12.5
0.447898	2.34439	2.01	12.5
0.460515	2.46874	2.01	12.5
0.473131	2.59551	2.01	12.5
0.485748	2.7246	2.01	12.5
0.498365	2.85593	2.01	12.5
0.510982	2.98943	2.01	12.5
0.523599	3.125	2.01	12.5
0.536216	3.26256	2.01	12.5
0.548832	3.40203	2.01	12.5
0.561449	3.5433	2.01	12.5
0.574066	3.6863	2.01	12.5
0.586683	3.83094	2.01	12.5
0.5993	3.97711	2.01	12.5
0.611917	4.12473	2.01	12.5
0.624533	4.2737	2.01	12.5
0.63715	4.42393	2.01	12.5
0.649767	4.57533	2.01	12.5
0.662384	4.72779	2.01	12.5
0.675001	4.88122	2.01	12.5
0.687618	5.03552	2.01	12.5
0.700235	5.19059	2.01	12.5
0.712851	5.34634	2.01	12.5
0.725468	5.50267	2.01	12.5
0.738085	5.65947	2.01	12.5
0.750702	5.81664	2.01	12.5
0.763319	5.9741	2.01	12.5
0.775936	6.13172	2.01	12.5
0.788552	6.28943	2.01	12.5
0.801169	6.44711	2.01	12.5
0.813786	6.60466	2.01	12.5
0.826403	6.76198	2.01	12.5
0.83902	6.91899	2.01	12.5
0.851637	7.07556	2.01	12.5
0.864253	7.23161	2.01	12.5
0.87687	7.38703	2.01	12.5
0.889487	7.54173	2.01	12.5
0.902104	7.69561	2.01	12.5
0.914721	7.84857	2.01	12.5
0.927338	8.00051	2.01	12.5
0.939954	8.15133	2.01	12.5
0.952571	8.30095	2.01	12.5
0.965188	8.44926	2.01	12.5
0.977805	8.59616	2.01	12.5
0.990422	8.74158	2.01	12.5
1.00304	8.88541	2.01	12.5
1.01566	9.02756	2.01	12.5
1.02827	9.16794	2.01	12.5
1.04089	9.30646	2.01	12.5
1.05351	9.44304	2.01	12.5
1.06612	9.57759	2.01	12.5
1.07874	9.71001	2.01	12.5
1.09136	9.84023	2.01	12.5
1.10397	9.96817	2.01	12.5
1.11659	10.0937	2.01	12.5
1.12921	10.2169	2.01	12.5
1.14182	10.3375	2.01	12.5
1.15444	10.4555	2.01	12.5
1.16706	10.5708	2.01	12.5
1.17967	10.6833	2.01	12.5
1.19229	10.7931	2.01	12.5
1.20491	10.8999	2.01	12.5
1.21752	11.0038	2.01	12.5
1.23014	11.1047	2.01	12.5
1.24276	11.2025	2.01	12.5
1.25538	11.2971	2.01	12.5
1.26799	11.3885	2.01	12.5
1.28061	11.4766	2.01	12.5
1.29323	11.5614	2.01	12.5
1.30584	11.6428	2.01	12.5
1.31846	11.7208	2.01	12.5
1.33108	11.7953	2.01	12.5
1.34369	11.8663	2.01	12.5
1.35631	11.9337	2.01	12.5
1.36893	11.9975	2.01	12.5
1.38154	12.0576	2.01	12.5
1.39416	12.114	2.01	12.5
1.40678	12.1667	2.01	12.5
1.41939	12.2157	2.01	12.5
1.43201	12.2608	2.01	12.5
1.44463	12.3021	2.01	12.5
1.45724	12.3395	2.01	12.5
1.46986	12.3731	2.01	12.5
1.48248	12.4028	2.01	12.5
1.4951	12.4285	2.01	12.5
1.50771	12.4503	2.01	12.5
1.52033	12.4682	2.01	12.5
1.53295	12.4821	2.01	12.5
1.54556	12.492	2.01	12.5
1.55818	12.498	2.01	12.5
1.5708	12.5	2.01	12.5
