theta3	G1	G2	G3
-1.5708	0	19.7181	49.05
-1.55818	0	19.7181	49.0461
-1.54556	0	19.7181	49.0344
-1.53295	0	19.7181	49.0149
-1.52033	0	19.7181	48.9875
-1.50771	0	19.7181	48.9524
-1.4951	0	19.7181	48.9095
-1.48248	0	19.7181	48.8588
-1.46986	0	19.7181	48.8004
-1.45724	0	19.7181	48.7341
-1.44463	0	19.7181	48.6601
-1.43201	0	19.7181	48.5784
-1.41939	0	19.7181	48.4889
-1.40678	0	19.7181	48.3917
-1.39416	0	19.7181	48.2868
-1.38154	0	19.7181	48.1742
-1.36893	0	19.7181	48.054
-1.35631	0	19.7181	47.9261
-1.34369	0	19.7181	47.7905
-1.33108	0	19.7181	47.6474
-1.31846	0	19.7181	47.4967
-1.30584	0	19.7181	47.3384
-1.29323	0	19.7181	47.1726
-1.28061	0	19.7181	46.9992
-1.26799	0	19.7181	46.8184
-1.25538	0	19.7181	46.6302
-1.24276	0	19.7181	46.4345
-1.23014	0	19.7181	46.2314
-1.21752	0	19.7181	46.021
-1.20491	0	19.7181	45.8032
-1.19229	0	19.7181	45.5781
-1.17967	0	19.7181	45.3458
-1.16706	0	19.7181	45.1063
-1.15444	0	19.7181	44.8596
-1.14182	0	19.7181	44.6058
-1.12921	0	19.7181	44.3448
-1.11659	0	19.7181	44.0768
-1.10397	0	19.7181	43.8018
-1.09136	0	19.7181	43.5198
-1.07874	0	19.7181	43.2309
-1.06612	0	19.7181	42.9351
-1.05351	0	19.7181	42.6324
-1.04089	0	19.7181	42.323
-1.02827	0	19.7181	42.0068
-1.01566	0	19.7181	41.684
-1.00304	0	19.7181	41.3545
-0.990422	0	19.7181	41.0184
-0.977805	0	19.7181	40.6758
-0.965188	0	19.7181	40.3268
-0.952571	0	19.7181	39.9713
-0.939954	0	19.7181	39.6094
-0.927338	0	19.7181	39.2412
-0.914721	0	19.7181	38.8668
-0.902104	0	19.7181	38.4862
-0.889487	0	19.7181	38.0995
-0.87687	0	19.7181	37.7067
-0.864253	0	19.7181	37.308
-0.851637	0	19.7181	36.9032
-0.83902	0	19.7181	36.4926
-0.826403	0	19.7181	36.0762
-0.813786	0	19.7181	35.6541
-0.801169	0	19.7181	35.2262
-0.788552	0	19.7181	34.7928
-0.775936	0	19.7181	34.3538
-0.763319	0	19.7181	33.9094
-0.750702	0	19.7181	33.4596
-0.738085	0	19.7181	33.0044
-0.725468	0	19.7181	32.544
-0.712851	0	19.7181	32.0784
-0.700235	0	19.7181	31.6077
-0.687618	0	19.7181	31.1319
-0.675001	0	19.7181	30.6512
-0.662384	0	19.7181	30.1657
-0.649767	0	19.7181	29.6753
-0.63715	0	19.7181	29.1802
-0.624533	0	19.7181	28.6805
-0.611917	0	19.7181	28.1762
-0.5993	0	19.7181	27.6674
-0.586683	0	19.7181	27.1542
-0.574066	0	19.7181	26.6366
-0.561449	0	19.7181	26.1149
-0.548832	0	19.7181	25.589
-0.536216	0	19.7181	25.059
-0.523599	0	19.7181	24.525
-0.510982	0	19.7181	23.9871
-0.498365	0	19.7181	23.4454
-0.485748	0	19.7181	22.9
-0.473131	0	19.7181	22.3509
-0.460515	0	19.7181	21.7983
-0.447898	0	19.7181	21.2422
-0.435281	0	19.7181	20.6827
-0.422664	0	19.7181	20.1199
-0.410047	0	19.7181	19.5539
-0.39743	0	19.7181	18.9848
-0.384814	0	19.7181	18.4127
-0.372197	0	19.7181	17.8377
-0.35958	0	19.7181	17.2598
-0.346963	0	19.7181	16.6791
-0.334346	0	19.7181	16.0958
-0.321729	0	19.7181	15.51
-0.309113	0	19.7181	14.9217
-0.296496	0	19.7181	14.331
-0.283879	0	19.7181	13.738
-0.271262	0	19.7181	13.1428
-0.258645	0	19.7181	12.5456
-0.246028	0	19.7181	11.9463
-0.233412	0	19.7181	11.3452
-0.220795	0	19.7181	10.7422
-0.208178	0	19.7181	10.1375
-0.195561	0	19.7181	9.53124
-0.182944	0	19.7181	8.92344
-0.170327	0	19.7181	8.31422
-0.15771	0	19.7181	7.70367
-0.145094	0	19.7181	7.0919
-0.132477	0	19.7181	6.479
-0.11986	0	19.7181	5.86506
-0.107243	0	19.7181	5.2502
-0.0946263	0	19.7181	4.6345
-0.0820094	0	19.7181	4.01806
-0.0693926	0	19.7181	3.40098
-0.0567758	0	19.7181	2.78336
-0.0441589	0	19.7181	2.16529
-0.0315421	0	19.7181	1.54688
-0.0189253	0	19.7181	0.928228
-0.00630842	0	19.7181	0.309426
0.00630842	0	19.7181	-0.309426
0.0189253	0	19.7181	-0.928228
0.0315421	0	19.7181	-1.54688
0.0441589	0	19.7181	-2.16529
0.0567758	0	19.7181	-2.78336
0.0693926	0	19.7181	-3.40098
0.0820094	0	19.7181	-4.01806
0.0946263	0	19.7181	-4.6345
0.107243	0	19.7181	-5.2502
0.11986	0	19.7181	-5.86506
0.132477	0	19.7181	-6.479
0.145094	0	19.7181	-7.0919
0.15771	0	19.7181	-7.70367
0.170327	0	19.7181	-8.31422
0.182944	0	19.7181	-8.92344
0.195561	0	19.7181	-9.53124
0.208178	0	19.7181	-10.1375
0.220795	0	19.7181	-10.7422
0.233412	0	19.7181	-11.3452
0.246028	0	19.7181	-11.9463
0.258645	0	19.7181	-12.5456
0.271262	0	19.7181	-13.1428
0.283879	0	19.7181	-13.738
0.296496	0	19.7181	-14.331
0.309113	0	19.7181	-14.9217
0.321729	0	19.7181	-15.51
0.334346	0	19.7181	-16.0958
0.346963	0	19.7181	-16.6791
0.35958	0	19.7181	-17.2598
0.372197	0	19.7181	-17.8377
0.384814	0	19.7181	-18.4127
0.39743	0	19.7181	-18.9848
0.410047	0	19.7181	-19.5539
0.422664	0	19.7181	-20.1199
0.435281	0	19.7181	-20.6827
0.447898	0	19.7181	-21.2422
0.460515	0	19.7181	-21.7983
0.473131	0	19.7181	-22.3509
0.485748	0	19.7181	-22.9
0.498365	0	19.7181	-23.4454
0.510982	0	19.7181	-23.9871
0.523599	0	19.7181	-24.525
0.536216	0	19.7181	-25.059
0.548832	0	19.7181	-25.589
0.561449	0	19.7181	-26.1149
0.574066	0	19.7181	-26.6366
0.586683	0	19.7181	-27.1542
0.5993	0	19.7181	-27.6674
0.611917	0	19.7181	-28.1762
0.624533	0	19.7181	-28.6805
0.63715	0	19.7181	-29.1802
0.649767	0	19.7181	-29.6753
0.662384	0	19.7181	-30.1657
0.675001	0	19.7181	-30.6512
0.687618	0	19.7181	-31.1319
0.700235	0	19.7181	-31.6077
0.712851	0	19.7181	-32.0784
0.725468	0	19.7181	-32.544
0.738085	0	19.7181	-33.0044
0.750702	0	19.7181	-33.4596
0.763319	0	19.7181	-33.9094
0.775936	0	19.7181	-34.3538
0.788552	0	19.7181	-34.7928
0.801169	0	19.7181	-35.2262
0.813786	0	19.7181	-35.6541
0.826403	0	19.7181	-36.0762
0.83902	0	19.7181	-36.4926
0.851637	0	19.7181	-36.9032
0.864253	0	19.7181	-37.308
0.87687	0	19.7181	-37.7067
0.889487	0	19.7181	-38.0995
0.902104	0	19.7181	-38.4862
0.914721	0	19.7181	-38.8668
0.927338	0	19.7181	-39.2412
0.939954	0	19.7181	-39.6094
0.952571	0	19.7181	-39.9713
0.965188	0	19.7181	-40.3268
0.977805	0	19.7181	-40.6758
0.990422	0	19.7181	-41.0184
1.00304	0	19.7181	-41.3545
1.01566	0	19.7181	-41.684
1.02827	0	19.7181	-42.0068
1.04089	0	19.7181	-42.323
1.05351	0	19.7181	-42.6324
1.06612	0	19.7181	-42.9351
1.07874	0	19.7181	-43.2309
1.09136	0	19.7181	-43.5198
1.10397	0	19.7181	-43.8018
1.11659	0	19.7181	-44.0768
1.12921	0	19.7181	-44.3448
1.14182	0	19.7181	-44.6058
1.15444	0	19.7181	-44.8596
1.16706	0	19.7181	-45.1063
1.17967	0	19.7181	-45.3458
1.19229	0	19.7181	-45.5781
1.20491	0	19.7181	-45.8032
1.21752	0	19.7181	-46.021
1.23014	0	19.7181	-46.2314
1.24276	0	19.7181	-46.4345
1.25538	0	19.7181	-46.6302
1.26799	0	19.7181	-46.8184
1.28061	0	19.7181	-46.9992
1.29323	0	19.7181	-47.1726
1.30584	0	19.7181	-47.3384
1.31846	0	19.7181	-47.4967
1.33108	0	19.7181	-47.6474
1.34369	0	19.7181	-47.7905
1.35631	0	19.7181	-47.9261
1.36893	0	19.7181	-48.054
1.38154	0	19.7181	-48.1742
1.39416	0	19.7181	-48.2868
1.40678	0	19.7181	-48.3917
1.41939	0	19.7181	-48.4889
1.43201	0	19.7181	-48.5784
1.44463	0	19.7181	-48.6601
1.45724	0	19.7181	-48.7341
1.46986	0	19.7181	-48.8004
1.48248	0	19.7181	-48.8588
1.4951	0	19.7181	-48.9095
1.50771	0	19.7181	-48.9524
1.52033	0	19.7181	-48.9875
1.53295	0	19.7181	-49.0149
1.54556	0	19.7181	-49.0344
1.55818	0	19.7181	-49.0461
1.5708	0	19.7181	-49.05
